회귀모형의 선택
================
JaeKwanKoo

-   [Library](#library)
-   [Data - usedcar](#data---usedcar)
-   [Modeling](#modeling)
    -   [Mallow's Cp](#mallows-cp)
    -   [PRESSp](#pressp)
    -   [AIC(Akaike Information Criterion)](#aicakaike-information-criterion)
-   [Variable Selection](#variable-selection)
    -   [Forward](#forward)
    -   [Backward](#backward)
-   [Stepwise](#stepwise)
-   [요약](#요약)

Library
-------

``` r
library(data.table)
library(tidyverse)

library(olsrr) # Cp
library(qpcR)  # PRESSp
```

Data - usedcar
--------------

``` r
usedcars <- fread("usedcars.txt", data.table = F, 
                  col.names = c("price", "cc", "mileage", "year", "automatic"))

usedcars
```

    ##    price  cc mileage year automatic
    ## 1    790  78  133462 1998         1
    ## 2   1380  39   33000 2000         1
    ## 3    270 109  120000 1800         0
    ## 4   1190  20   69727 1999         1
    ## 5    590  70  112000 2000         0
    ## 6   1120  58   39106 1998         1
    ## 7    815  53   95935 1800         1
    ## 8    450  68  120000 1800         0
    ## 9   1290  15   20215 1798         1
    ## 10   420  96  140000 1800         0
    ## 11   945  63   68924 1998         1
    ## 12   770  82   90000 2000         0
    ## 13   610  76   81279 1998         0
    ## 14  1350  17   24070 1798         1
    ## 15  1020  38   40000 2000         0
    ## 16   830  46   56887 1832         1
    ## 17   670  95   91216 1997         1
    ## 18   990  37   48680 1998         1
    ## 19   800  68    8000 2000         0
    ## 20  1100  41   60634 1835         1
    ## 21   740  69  114131 1998         1
    ## 22   570  71   75000 1800         0
    ## 23   660  99  124417 1998         1
    ## 24   300 129  130000 1800         0
    ## 25   960  57   77559 1997         1
    ## 26   650 107   75216 1838         1
    ## 27  1000  45   52000 2000         0
    ## 28   700  80   58000 2000         1
    ## 29   280 113  134500 1800         0
    ## 30   879  41   80000 2000         0

Modeling
--------

**price=year+mileage+automatic 모형과 full model을 비교해보자**

``` r
full_model <- lm(price~., data = usedcars)
model1 <- lm(price~year+mileage+automatic, data = usedcars)


summary(full_model)
```

    ## 
    ## Call:
    ## lm(formula = price ~ ., data = usedcars)
    ## 
    ## Residuals:
    ##     Min      1Q  Median      3Q     Max 
    ## -177.35  -63.91   -0.99   70.34  212.69 
    ## 
    ## Coefficients:
    ##               Estimate Std. Error t value Pr(>|t|)    
    ## (Intercept)  5.253e+02  3.998e+02   1.314 0.200823    
    ## cc          -5.800e+00  9.283e-01  -6.247 1.55e-06 ***
    ## mileage     -2.263e-03  7.211e-04  -3.138 0.004324 ** 
    ## year         3.888e-01  2.022e-01   1.923 0.065958 .  
    ## automatic    1.653e+02  3.986e+01   4.147 0.000339 ***
    ## ---
    ## Signif. codes:  0 '***' 0.001 '**' 0.01 '*' 0.05 '.' 0.1 ' ' 1
    ## 
    ## Residual standard error: 101.1 on 25 degrees of freedom
    ## Multiple R-squared:  0.9045, Adjusted R-squared:  0.8892 
    ## F-statistic: 59.21 on 4 and 25 DF,  p-value: 2.184e-12

``` r
summary(model1)
```

    ## 
    ## Call:
    ## lm(formula = price ~ year + mileage + automatic, data = usedcars)
    ## 
    ## Residuals:
    ##     Min      1Q  Median      3Q     Max 
    ## -342.94  -88.94    8.80  126.18  210.56 
    ## 
    ## Coefficients:
    ##               Estimate Std. Error t value Pr(>|t|)    
    ## (Intercept) 306.748515 624.997407   0.491  0.62769    
    ## year          0.413095   0.317233   1.302  0.20427    
    ## mileage      -0.005303   0.000835  -6.351    1e-06 ***
    ## automatic   217.593613  61.154633   3.558  0.00146 ** 
    ## ---
    ## Signif. codes:  0 '***' 0.001 '**' 0.01 '*' 0.05 '.' 0.1 ' ' 1
    ## 
    ## Residual standard error: 158.7 on 26 degrees of freedom
    ## Multiple R-squared:  0.7555, Adjusted R-squared:  0.7272 
    ## F-statistic: 26.77 on 3 and 26 DF,  p-value: 4.115e-08

두 개의 모형 모두가 적절하지만, 수정된 결정계수는 full model이 더 높다.

### Mallow's Cp

**price=year+mileage+automatic 모형의 Cp값을 계산해보자**

``` r
ols_mallows_cp(model1, full_model)
```

    ## [1] 42.02835

적합치의 총 평균 오차제곱(total mean squared error)을 최소화 하기 위한 것이다.
**Cp를 변수선택의 기준으로 사용할 때는 Cp=p를 최소화하는 모형을 최적모형으로 한다.**

-   적합값의 총 평균제곱오차를 최소화하기 위한 기준
-   Cp=p 에 가까운 모형을 최적 모형으로 선택

Cp통계량은 낮은 검정오차를 갖는 모델에 대해 작은 값을 가지는 경향이 있으므로. 모델들의 집합에서 최고 모델을 결정할 때 가장 낮은 Cp값을 가지는 모델을 선택한다.

### PRESSp

**price=year+mileage+automatic 모형의 PREEp값을 계산해보자**

``` r
PRESS(model1)
```

    ## .........10.........20.........30

    ## $stat
    ## [1] 897990.9
    ## 
    ## $residuals
    ##  [1]  185.543159  228.426959 -166.292615  226.790984   58.712187
    ##  [6]  -24.631824   64.662113   41.688140  168.522071  135.040061
    ## [11]  -42.349018  128.607990 -102.190843  268.450406  118.803514
    ## [16] -168.022850 -215.367758 -110.674481 -399.320107  155.388659
    ## [21]   -5.151324  -95.657660  -36.009710  -71.569917   23.889173
    ## [26] -259.265140  165.970242 -371.593606  -67.698072  191.498671
    ## 
    ## $P.square
    ## [1] 0.6644589

모형선택의 기준인 *R*<sub>*p*</sub><sup>2</sup>, *s*<sub>*p*</sub><sup>2</sup>, *C*<sub>*p*</sub>등은 관측된 자료들에 대한 현재모형의 적합도(quality of fit)가 얼마나 좋은 지를 나타내는 측도들이다.
그러나 회귀분석에서 중요한 목적 중의 하나는 예측인데, 실제 문제들에 있어서 적합도가 높은 모형이더라도 낮은 예측도(quality of prediction)를 갖는 경우가 있다. 그러므로 정확도가 높은 예측이 중요한 분석 목적인 경우에는 적합도보다 예측도가 높은 모형을 선택할 필요가 있다.

PRESSp는 예측도를 나타내는 측도이다.
예측오차제곱합(prediction error sum of squares)을 나타낸다.

$$
PRESS\_p = \\sum\_{i=1}^n (y\_i-\\hat{y}\_{i(i)})^2
$$

n개의 자료를 나누어서 (n-1)개는 추정에 이용하고 나머지 한 개는 예측의 정확도 계산에 사용한 것이다. 이는 cross validation의 개념과 같다.
**이 PRESSp의 값을 최소화하는 모형을 최적모형으로 선택하면 된다.**

이 모형의 PRESSp의 값은 8.979909410^{5}이다.

-   현재모형의 적합도가 아닌 예측도가 높은모형을 선택
-   예측잔차제곱합으로 예측잔차들의 제곱합으로 표현

### AIC(Akaike Information Criterion)

**price=year+mileage+automatic 모형의 AIC값을 계산해보자**

``` r
AIC(model1)
```

    ## [1] 394.8477

``` r
AIC(full_model)
```

    ## [1] 368.6342

full model의 AIC가 더 낮아 더 좋은 모델임을 알 수 있다.

-   통계학의 많은 분야에서 사용되는 모형 선택 기준
-   가능도함수의 크기와 모수의 개수를 함께 반영
-   AIC값이 작을수록 좋은 모형으로 판정
-   모형이 복잡할수록(모수가 많을수록, p가 클수록) 벌칙

-   SBS, BIC등 응용된 Criterion 정의

AIC = $-2logL(\\hat\\theta)+2p$

Variable Selection
------------------

### Forward

``` r
model_intercep <- lm(price~1, data = usedcars)

model_forward <- step(model_intercep, scope = ~cc+mileage+year+automatic,
                      data = usedcars, direction = "forward")
```

    ## Start:  AIC=343.96
    ## price ~ 1
    ## 
    ##             Df Sum of Sq     RSS    AIC
    ## + cc         1   2056608  619639 302.07
    ## + mileage    1   1637355 1038892 317.57
    ## + automatic  1    849254 1826993 334.51
    ## + year       1    273021 2403226 342.73
    ## <none>                   2676247 343.96
    ## 
    ## Step:  AIC=302.07
    ## price ~ cc
    ## 
    ##             Df Sum of Sq    RSS    AIC
    ## + automatic  1    208419 411220 291.77
    ## + mileage    1    135864 483775 296.64
    ## + year       1     74730 544909 300.21
    ## <none>                   619639 302.07
    ## 
    ## Step:  AIC=291.77
    ## price ~ cc + automatic
    ## 
    ##           Df Sum of Sq    RSS    AIC
    ## + mileage  1    117888 293332 283.64
    ## + year     1     55033 356187 289.46
    ## <none>                 411220 291.77
    ## 
    ## Step:  AIC=283.64
    ## price ~ cc + automatic + mileage
    ## 
    ##        Df Sum of Sq    RSS    AIC
    ## + year  1     37794 255538 281.50
    ## <none>              293332 283.64
    ## 
    ## Step:  AIC=281.5
    ## price ~ cc + automatic + mileage + year

``` r
summary(model_forward)
```

    ## 
    ## Call:
    ## lm(formula = price ~ cc + automatic + mileage + year, data = usedcars)
    ## 
    ## Residuals:
    ##     Min      1Q  Median      3Q     Max 
    ## -177.35  -63.91   -0.99   70.34  212.69 
    ## 
    ## Coefficients:
    ##               Estimate Std. Error t value Pr(>|t|)    
    ## (Intercept)  5.253e+02  3.998e+02   1.314 0.200823    
    ## cc          -5.800e+00  9.283e-01  -6.247 1.55e-06 ***
    ## automatic    1.653e+02  3.986e+01   4.147 0.000339 ***
    ## mileage     -2.263e-03  7.211e-04  -3.138 0.004324 ** 
    ## year         3.888e-01  2.022e-01   1.923 0.065958 .  
    ## ---
    ## Signif. codes:  0 '***' 0.001 '**' 0.01 '*' 0.05 '.' 0.1 ' ' 1
    ## 
    ## Residual standard error: 101.1 on 25 degrees of freedom
    ## Multiple R-squared:  0.9045, Adjusted R-squared:  0.8892 
    ## F-statistic: 59.21 on 4 and 25 DF,  p-value: 2.184e-12

먼저 null model을 가지고 진행해보자.

시작 AIC를 확인하고 어떤 변수가 들어옴에 따라 AIC감소 폭이 큰지 확인해보자.
AIC가 낮을수록 좋기 때문에 첫 변수는 `cc변수`가 들어올 것이다.

두 번째 스텝도 마찬가지로 어떤 변수가 들어옴에 따라 AIC감소가 크게 일어나는지 확인하는 등
절차를 진행해본다.

변수를 넣었을 때, AIC가 감소하지 않는다면 넣을 이유가 없을 것이다.

변수선택 방법으로 forward를 진행했을 때, full model이 가장 좋은 모형임을 알 수 있다.

### Backward

``` r
model_backward <- step(full_model, data = usedcars, direction = "backward")
```

    ## Start:  AIC=281.5
    ## price ~ cc + mileage + year + automatic
    ## 
    ##             Df Sum of Sq    RSS    AIC
    ## <none>                   255538 281.50
    ## - year       1     37794 293332 283.64
    ## - mileage    1    100649 356187 289.46
    ## - automatic  1    175828 431366 295.20
    ## - cc         1    398929 654467 307.71

``` r
summary(model_backward)
```

    ## 
    ## Call:
    ## lm(formula = price ~ cc + mileage + year + automatic, data = usedcars)
    ## 
    ## Residuals:
    ##     Min      1Q  Median      3Q     Max 
    ## -177.35  -63.91   -0.99   70.34  212.69 
    ## 
    ## Coefficients:
    ##               Estimate Std. Error t value Pr(>|t|)    
    ## (Intercept)  5.253e+02  3.998e+02   1.314 0.200823    
    ## cc          -5.800e+00  9.283e-01  -6.247 1.55e-06 ***
    ## mileage     -2.263e-03  7.211e-04  -3.138 0.004324 ** 
    ## year         3.888e-01  2.022e-01   1.923 0.065958 .  
    ## automatic    1.653e+02  3.986e+01   4.147 0.000339 ***
    ## ---
    ## Signif. codes:  0 '***' 0.001 '**' 0.01 '*' 0.05 '.' 0.1 ' ' 1
    ## 
    ## Residual standard error: 101.1 on 25 degrees of freedom
    ## Multiple R-squared:  0.9045, Adjusted R-squared:  0.8892 
    ## F-statistic: 59.21 on 4 and 25 DF,  p-value: 2.184e-12

full model에서 필요없는 변수들을 하나씩 제거하는 방법이다.
첫 시작의 AIC는 281.5인데, 어느 변수를 빼면 AIC가 증가한다. 이 말은 더 좋지 않은 모형이 된다는 것이므로 아무 변수를 제거하지 않은 full model이 가장 best라는 말이다.

Stepwise
--------

``` r
model_stepwise <- step(model_intercep, scope = ~cc+mileage+year+automatic,
                      data = usedcars, direction = "both")
```

    ## Start:  AIC=343.96
    ## price ~ 1
    ## 
    ##             Df Sum of Sq     RSS    AIC
    ## + cc         1   2056608  619639 302.07
    ## + mileage    1   1637355 1038892 317.57
    ## + automatic  1    849254 1826993 334.51
    ## + year       1    273021 2403226 342.73
    ## <none>                   2676247 343.96
    ## 
    ## Step:  AIC=302.07
    ## price ~ cc
    ## 
    ##             Df Sum of Sq     RSS    AIC
    ## + automatic  1    208419  411220 291.77
    ## + mileage    1    135864  483775 296.65
    ## + year       1     74730  544909 300.22
    ## <none>                    619639 302.07
    ## - cc         1   2056608 2676247 343.96
    ## 
    ## Step:  AIC=291.77
    ## price ~ cc + automatic
    ## 
    ##             Df Sum of Sq     RSS    AIC
    ## + mileage    1    117888  293332 283.64
    ## + year       1     55033  356187 289.46
    ## <none>                    411220 291.77
    ## - automatic  1    208419  619639 302.07
    ## - cc         1   1415774 1826993 334.51
    ## 
    ## Step:  AIC=283.64
    ## price ~ cc + automatic + mileage
    ## 
    ##             Df Sum of Sq    RSS    AIC
    ## + year       1     37794 255538 281.50
    ## <none>                   293332 283.64
    ## - mileage    1    117888 411220 291.77
    ## - automatic  1    190443 483775 296.64
    ## - cc         1    403819 697151 307.61
    ## 
    ## Step:  AIC=281.5
    ## price ~ cc + automatic + mileage + year
    ## 
    ##             Df Sum of Sq    RSS    AIC
    ## <none>                   255538 281.50
    ## - year       1     37794 293332 283.64
    ## - mileage    1    100649 356187 289.46
    ## - automatic  1    175828 431366 295.20
    ## - cc         1    398929 654467 307.71

``` r
summary(model_stepwise)
```

    ## 
    ## Call:
    ## lm(formula = price ~ cc + automatic + mileage + year, data = usedcars)
    ## 
    ## Residuals:
    ##     Min      1Q  Median      3Q     Max 
    ## -177.35  -63.91   -0.99   70.34  212.69 
    ## 
    ## Coefficients:
    ##               Estimate Std. Error t value Pr(>|t|)    
    ## (Intercept)  5.253e+02  3.998e+02   1.314 0.200823    
    ## cc          -5.800e+00  9.283e-01  -6.247 1.55e-06 ***
    ## automatic    1.653e+02  3.986e+01   4.147 0.000339 ***
    ## mileage     -2.263e-03  7.211e-04  -3.138 0.004324 ** 
    ## year         3.888e-01  2.022e-01   1.923 0.065958 .  
    ## ---
    ## Signif. codes:  0 '***' 0.001 '**' 0.01 '*' 0.05 '.' 0.1 ' ' 1
    ## 
    ## Residual standard error: 101.1 on 25 degrees of freedom
    ## Multiple R-squared:  0.9045, Adjusted R-squared:  0.8892 
    ## F-statistic: 59.21 on 4 and 25 DF,  p-value: 2.184e-12

단계적 방법이다. 앞의 두 방법을 약간 섞은 방법같이 생각되기도 한다.
null model에서 첫 단계로 cc변수를 추가했다면 다음 단계에서는 cc를 빼보기도 하는 등 모든 조합들을 맞춰나간다.
계산량이 앞선 두 방법보다 많아지지만, 컴퓨터의 발달로 대부분 이 방법을 사용하는 것 같다.

요약
----

3가지 방법 모두 같은 모형을 선택하고 있다.

|   방법   |    모형    |
|:--------:|:----------:|
|  forward | full model |
| backward | full model |
| stepwise | full model |
